S = [2 0; 0 1/3];
Sn = [1/2 0; 0 3];
S * Sn
% ans = 2x2 
%       1   0
%       0   1